3,2
3,1
3,3
10,209
10,123
10,85
10,159
10,89
10,83
10,221
11,5
11,11
11,26
11,19
11,12
9,5
9,7
9,2
9,3
8,10
8,5
8,7
8,14
8,2
8,3
62,4
62,3
62,2
62,1
62,0
58,4
58,3
58,2
58,1
58,0
57,4
57,3
57,2
57,1
57,0
55,3
55,2
55,1
55,0
51,3
51,2
51,1
51,0
50,3
50,1
49,4
49,3
49,1
47,3
47,1
46,3
46,1
45,3
45,1
41,3
41,1
35,3
35,1
34,3
34,1
33,3
33,1
30,4
30,3
30,2
30,1
23,4
23,3
23,2
23,1
20,3
20,2
20,1
19,3
19,2
19,1
18,3
18,1
14,3
14,1
13,1
12,3
12,2
13,3
12,1
11,28
11,27
11,25
11,24
11,22
11,20
11,17
11,16
11,10
11,9
11,7
11,3
11,2
11,1
10,299
10,290
10,275
